calculating...
success
paths
39 46 175 177 178 179 278 412 492 495 545 611 613 622 625 626 634 638 641 644 645 845 
603338
calculating...
success
paths
39 46 175 177 178 179 278 412 492 495 545 611 613 622 625 626 634 638 641 644 645 845 
603338
calculating...
success
paths
39 46 175 177 178 179 278 412 492 495 545 611 613 622 625 626 634 638 641 644 645 845 
603338
calculating...
success
paths
39 46 175 177 178 179 278 412 492 495 545 611 613 622 625 626 634 638 641 644 645 845 
603338
calculating...
success
paths
39 46 175 177 178 179 278 412 492 495 545 611 613 622 625 626 634 638 641 644 645 845 
603338
calculating...
success
paths
39 46 175 177 178 179 278 412 492 495 545 611 613 622 625 626 634 638 641 644 645 845 
603338
calculating...
success
paths
39 46 175 177 178 179 278 412 492 495 545 611 613 622 625 626 634 638 641 644 645 845 
603338
calculating...
success
paths
39 46 175 177 178 179 278 412 492 495 545 611 613 622 625 626 634 638 641 644 645 845 
603338
calculating...
success
paths
39 46 175 177 178 179 278 412 492 495 545 611 613 622 625 626 634 638 641 644 645 845 
603338
calculating...
success
paths
39 46 175 177 178 179 278 412 492 495 545 611 613 622 625 626 634 638 641 644 645 845 
603338
{}
times:  [17.814173460006714, 17.79483652114868, 18.190517902374268, 17.16545844078064, 16.94723343849182, 17.616819143295288, 16.883139610290527, 16.615780353546143, 16.502793312072754, 18.272181749343872]
avg:  17.38029339313507
